# Time [h]	Carbondioxide [vol%]	Methane [vol%]	Hydrogen [vol%]
0.2	18.02854395556	81.962463809568	0.0089922348721417
0.48	30.53979997735	69.448676365499	0.011523657150255
0.872	35.789073090599	64.198290585662	0.012636323738952
1	36.214863177016	63.772154519042	0.012982303941208
1.2	36.283897421369	63.704285641488	0.011816937143756
1.48	36.453148662966	63.53423975877	0.012611578264141
1.872	36.17069494115	63.816368767614	0.012936291235271
2	36.053031235953	63.933955354251	0.013013409795702
2.2	35.195231895986	64.792800411206	0.0119676928084
2.48	35.162047916453	64.825787418698	0.012164664849181
2.872	34.788134183684	65.199648952157	0.012216864158427
3	34.647546764927	65.340226199009	0.012227036063837
3.2	33.562997220102	66.425398592506	0.011604187391808
3.48	33.507315440711	66.480985087388	0.011699471901107
3.872	33.166141809635	66.82216427109	0.011693919274175
4	33.044716099241	66.943597351004	0.011686549755269
4.2	32.168438534751	67.820243037424	0.011318427824512
4.48	32.100031706113	67.888609989391	0.011358304496526
4.872	31.820377125977	68.168289974976	0.011332899046553
5	31.724493915392	68.264184271822	0.011321812786679
5.2	31.101719465152	68.887197000521	0.011083534326407
5.48	31.023693940142	68.965209822905	0.011096236952793
5.872	30.791552599997	69.197383313253	0.011064086750003
6	30.713494351387	69.275453588746	0.011052059867443
6.2	30.261707908055	69.727405229977	0.010886861968063
6.48	30.182447219404	69.806666624304	0.010886156292159
6.872	29.988633361479	70.000514054086	0.010852584435232
7	29.924285078269	70.064874117416	0.010840804314549
7.2	29.579977077792	70.409305113737	0.010717808470398
7.48	29.508797159559	70.480491233084	0.010711607357186
7.872	29.352019813452	70.637299672702	0.010680513845695
8	29.300559519712	70.6887704583	0.010670021988078
8.2	29.023582493323	70.965845860525	0.010571646152608
8.48	28.970896804648	71.018537213773	0.010565981578803
8.872	28.856358145405	71.133100162837	0.010541691758003
9	28.819242945795	71.170223304526	0.010533749679553
9.2	28.584723698731	71.404826808881	0.01044949238784
9.48	28.560659793142	71.428890598545	0.010449608312442
9.872	28.49221379416	71.49735100111	0.010435204729714
10	28.469891075168	71.51967851971	0.010430405122499
10.2	28.258700436272	71.730947358745	0.010352204982454
10.48	28.263148747409	71.726492663532	0.010358589058895
10.872	28.227604034427	71.762046271277	0.01034969429567
11	28.214875724635	71.774777958581	0.010346316783793
11.2	28.009244957597	71.980488234711	0.010266807691847
11.48	28.029398827833	71.960325750001	0.01027542216636
11.872	28.006955493072	71.982777559873	0.01026694705497
12	27.997745849487	71.991990505492	0.010263645020608
12.2	27.788741408796	72.201077411864	0.01018117934
12.48	27.815009706307	72.174799300935	0.010190992757649
12.872	27.796468014065	72.193349319073	0.010182666862272
13	27.788237971718	72.20158263984	0.010179388441678
13.2	27.575163621906	72.414740806879	0.010095571214907
13.48	27.603991482948	72.385901818944	0.010106698108127
13.872	27.586868733234	72.403032330548	0.010098936217559
14	27.578988696362	72.410915519305	0.010095784333094
14.2	27.363966319762	72.626022019479	0.010011660759522
14.48	27.394077248584	72.59589904234	0.010023709076067
14.872	27.377886623286	72.612096839818	0.010016536895356
15	27.370276238348	72.619710223776	0.010013537875702
15.2	27.155626996947	72.834443847217	0.0099291558358816
15.48	27.186504969897	72.803553574434	0.0099414556696691
15.872	27.171371487219	72.818693801002	0.0099347117793588
16	27.16411557086	72.825952577799	0.0099318513412076
16.2	26.951580896856	73.038572329477	0.0098467736678408
16.48	26.983145257185	73.006996007868	0.0098587349469525
16.872	26.969497530728	73.020650198718	0.0098522705533357
17	26.962759796409	73.027390668157	0.0098495354336701
17.2	26.753388568556	73.236848186764	0.0097632446796516
17.48	26.785884235892	73.204341242508	0.0097745216005753
17.872	26.774338462804	73.215893242161	0.0097682950357259
18	26.768328969247	73.221905335781	0.0097656949719441
18.2	26.562577007139	73.427745144054	0.0096778488071699
18.48	26.596476838873	73.393834762749	0.0096883983780529
18.872	26.587751970146	73.402565512779	0.0096825170743795
19	26.582703817245	73.407616087422	0.0096800953331825
19.2	26.38058537626	73.60982388132	0.0095907424197281
19.48	26.416487046842	73.573912094261	0.0096008588965035
19.872	26.41130954277	73.579094857807	0.0095955994229491
20	26.407449961235	73.582956602012	0.0095934367533158
20.2	26.208679476493	73.781817363996	0.0095031595113216
20.48	26.247173977112	73.743312567171	0.0095134557168521
20.872	26.246126132935	73.744364631035	0.0095092360302655
21	26.243626889626	73.746865669177	0.0095074411971876
21.2	26.047737322497	73.942845425789	0.0094172517139728
21.48	26.089233796784	73.901337712021	0.0094284911943905
21.872	26.092550591415	73.89802366013	0.0094257484551828
22	26.091463180038	73.899112394175	0.0094244257877183
22.2	25.897917976607	74.092746675015	0.0093353483777596
22.48	25.942476360336	74.048175505065	0.0093481345981374
22.872	25.949904414003	74.040748448062	0.0093471379353215
23	25.950121667084	74.040531990963	0.0093463419537391
23.2	25.758438305657	74.232302679326	0.0092590150167515
23.48	25.805717580636	74.185008867649	0.0092735517151432
23.872	25.81656763701	74.17415808575	0.0092742772395495
24	25.817851557981	74.172874457239	0.0092739847798707
24.2	25.627691995081	74.363106760653	0.0092012442663438
24.48	25.67615815561	74.314622461161	0.009219383228735
24.872	25.687723537826	74.30305666304	0.009219799133206
25	25.68914189589	74.30163888661	0.0092192175004176
25.2	25.497160833705	74.493703130167	0.009136036128081
25.48	25.546694123358	74.444152804572	0.0091530720696795
25.872	25.559100027327	74.431745056201	0.00915491647159
26	25.560736458673	74.43010868226	0.0091548590670088
26.2	25.368897491358	74.62202669957	0.0090758090721939
26.48	25.419031518582	74.571874043953	0.0090944374649427
26.872	25.432118931994	74.558783799477	0.0090972685294865
27	25.43398352887	74.556918994016	0.0090974771146677
27.2	25.244056398626	74.746922271651	0.0090213297229753
27.48	25.294142118704	74.696817321089	0.0090405602071216
27.872	25.307403641146	74.683552767409	0.0090435914447611
28	25.309328149233	74.681628013416	0.009043837350358
28.2	25.121359737503	74.869672688509	0.0089675739880978
28.48	25.171109114778	74.819904329696	0.0089865555268471
28.872	25.184299875921	74.806710527953	0.0089895961266499
29	25.186206492085	74.804803657255	0.0089898506594971
29.2	25.000088408028	74.990998213903	0.0089133780696176
29.48	25.049422664628	74.941645286564	0.0089320488080084
29.872	25.062497571544	74.928567325337	0.0089351031190053
30	25.064378797655	74.926685829861	0.0089353724839161
30.2	24.880181177355	75.110959830972	0.008858991673109
30.48	24.929082846287	75.062039766099	0.0088773876134377
30.872	24.942071969172	75.049047551204	0.008880479623786
31	24.94394324426	75.047175983726	0.0088807720137326
31.2	24.761804643388	75.229390586163	0.0088047704491468
31.48	24.810272980933	75.180904093099	0.008822925968399
31.872	24.823223115898	75.167950810358	0.008826073744311
32	24.825103424799	75.166070180354	0.0088263948470163
32.2	24.645155006644	75.346094007499	0.0087509858570495
32.48	24.693193973347	75.298037102889	0.0087689237636705
32.872	24.706147298479	75.28508056365	0.0087721378709462
33	24.708052720796	75.28317478826	0.0087724909438401
33.2	24.530390234855	75.460911945641	0.0086978195038018
33.48	24.578005227176	75.413279218694	0.0087155541292113
33.872	24.590993641734	75.400287518671	0.0087188395950254
34	24.592935940567	75.398344833295	0.0087192261380388
34.2	24.417615696258	75.573738918465	0.0086453852773939
34.48	24.46481272312	75.526524350825	0.0086629260549404
34.872	24.477857964192	75.513475751494	0.0086662843134474
35	24.479844919957	75.511488375383	0.0086667046602833
35.2	24.306888952684	75.684517296979	0.0085937503362727
35.48	24.353674387936	75.637714507932	0.0086111041320138
35.872	24.36678979032	75.624595675283	0.0086145343976673
36	24.368825976527	75.62255903534	0.0086149881330245
36.2	24.198229580649	75.793227468835	0.0085429505163071
36.48	24.244609975334	75.746829901782	0.0085601228838771
36.872	24.257802382173	75.733633994814	0.0085636230134368
37	24.259889933011	75.731545957744	0.0085641092448217
37.2	24.091628868313	75.899878130893	0.0084930007947304
37.48	24.137610754578	75.853879248859	0.0085099965629387
37.872	24.150882164138	75.840604272288	0.008513563573229
38	24.153021418124	75.838464500772	0.0085140811046109
38.2	23.987057926913	76.004498170846	0.0084439022409774
38.48	24.032647653459	75.958891620785	0.0084607257564655
38.872	24.045996552556	75.945539091304	0.0084643561403813
39	24.048186565904	75.943348530511	0.0084649035856952
39.2	23.884474070755	76.107130282581	0.0083956466633081
39.48	23.929677701543	76.061909996572	0.0084123018856803
39.872	23.943100124646	76.048483883536	0.0084159918183891
40	23.945339073034	76.046244359287	0.0084165676794562
40.2	23.783825688175	76.207826092047	0.0083482197775941
40.48	23.828648966562	76.162986323111	0.0083647103271139
40.872	23.84213932464	76.149492219548	0.0083684558123115
41	23.844424812428	76.147206129037	0.0083690585348577
41.2	23.685055877207	76.306642519381	0.0083016034122791
41.48	23.72950423863	76.26217782876	0.0083179326101247
41.872	23.743055953279	76.248622317131	0.0083217295897022
42	23.745385246015	76.246292396381	0.008322357604535
42.2	23.588105092633	76.403639130308	0.0082557770592371
42.48	23.632183703999	76.359544348031	0.0082719479699713
42.872	23.645789677612	76.345934529981	0.0082757924070801
43	23.648159871556	76.343563684284	0.0082764441601374
43.2	23.492913016148	76.49887626489	0.0082107189619911
43.48	23.536626823871	76.455146441693	0.008226734436325
43.872	23.550279775296	76.441489602327	0.0082306223766011
44	23.552687916598	76.439080787051	0.0082312963501881
44.2	23.399419830552	76.592413762579	0.0081664068682975
44.48	23.442773605913	76.549044124505	0.0081822695821541
44.872	23.456466300033	76.53534750277	0.0081861971965372
45	23.458909465093	76.532903642984	0.0081868919235621
45.2	23.307567050215	76.684310131247	0.0081228185381665
45.48	23.350565426772	76.641296042202	0.0081385310255041
45.872	23.364290824019	76.627566681343	0.0081424946380296
46	23.366766171105	76.625090620184	0.0081432087108319
46.2	23.217298031781	76.774622036143	0.0080799320758214
46.48	23.259945533676	76.731958969569	0.0080954967545877
46.872	23.273696881641	76.718203625501	0.0080994928585279
47	23.276201682039	76.715698093027	0.0081002249336939
47.2	23.128560259694	76.863401977625	0.0080377626811478
47.48	23.170859507025	76.82108730706	0.0080531859150915
47.872	23.184626015969	76.807316781337	0.0080572026943126
48	23.187155926829	76.804786124801	0.0080579483705659
48.2	23.041530851459	76.950462462594	0.0080066859469534
48.48	23.083020683943	76.908955765607	0.0080235504498089
48.872	23.095815109915	76.8961586744	0.0080262156851573
49	23.098000281572	76.893973287071	0.0080264313575436
49.2	22.951730087084	77.040303734331	0.0079661785848501
49.48	22.992472002971	76.999546819531	0.0079811774980291
49.872	23.004332811682	76.987683030261	0.0079841580572336
50	23.006222559229	76.985792888076	0.0079845526949832
50.2	22.860492796809	77.131579543461	0.0079276597303094
50.48	22.900677969807	77.091378782595	0.0079432475985461
50.872	22.912141127449	77.079912502074	0.0079463704775042
51	22.913937119855	77.078116089047	0.0079467910975559
51.2	22.769982679085	77.222125291966	0.00789202894934
51.48	22.809519100079	77.182573261895	0.0079076380260908
51.872	22.820582725374	77.171506766627	0.0079105079996056
52	22.8222686945	77.169820465442	0.0079108400580575
52.2	22.679972412557	77.312171875334	0.0078557121097661
52.48	22.718856056359	77.273273134886	0.0078708087556956
52.872	22.729496573928	77.262630018885	0.0078734071874671
53	22.731059062874	77.261067271256	0.0078736658693362
53.2	22.590188129554	77.401993826465	0.0078180439816946
53.48	22.628493489056	77.363673845322	0.0078326656218798
53.872	22.638779701782	77.353385219837	0.0078350783805599
54	22.640242384333	77.351922323068	0.0078352925988966
54.2	22.500745501705	77.491475102911	0.0077793953833978
54.48	22.538553974757	77.453652391783	0.0077936334605505
54.872	22.548587317746	77.443616744015	0.0077959382392311
55	22.549985016125	77.442218852275	0.0077961315991799
55.2	22.411906620577	77.580353178887	0.0077402005362188
55.48	22.4492871442	77.542958723192	0.0077541326078212
55.872	22.459166353349	77.533077258957	0.0077563876941848
56	22.460532519095	77.531710903507	0.0077565773979658
56.2	22.323942901435	77.668356284494	0.007700814071184
56.48	22.36094956477	77.631335936562	0.0077144986679605
56.872	22.370756689995	77.621526564502	0.0077167455027732
57	22.372118796129	77.620164260328	0.0077169435423169
57.2	22.237080215691	77.755258283752	0.0076615005569748
57.48	22.273753837603	77.718571181916	0.0076749804804948
57.872	22.283550937101	77.708771815471	0.0076772474277848
58	22.284929513079	77.707393025088	0.0076774618322806
58.2	22.151484046246	77.840893506089	0.0076224476652218
58.48	22.187854631353	77.804509614945	0.0076357537021375
58.872	22.197685317276	77.794676623388	0.0076380593357068
59	22.199094579494	77.793267125299	0.0076382952068888
59.2	22.067262693647	77.925153523586	0.007583782766473
59.48	22.103351907683	77.889051155507	0.0075969368103176
59.872	22.113244700687	77.879156006742	0.0075992925713337
60	22.114693750289	77.877706696809	0.0075995529021163
