# Time [h]	Carbondioxide [vol%]	Methane [vol%]	Hydrogen [vol%]
0.2	23.287788178013	76.539896820036	0.17231500195058
0.48	37.746272152024	62.059690981153	0.19403686682323
0.872	41.132569583691	58.668867540303	0.19856287600649
1	41.173239647864	58.627094574836	0.19966577730005
1.2	43.294405631584	56.528423252029	0.17717111638629
1.48	42.601585397886	57.216380969422	0.18203363269205
1.872	41.871475119656	57.949389544233	0.17913533611155
2	41.674822716502	58.147128160935	0.17804912256252
2.2	42.003357795219	57.831251084401	0.16539112037938
2.48	41.657842831332	58.176477312832	0.16567985583684
2.872	41.231614360705	58.605622799798	0.16276283949692
3	41.101543640054	58.73655897796	0.16189738198649
3.2	40.6891243261	59.156570498652	0.15430517524861
3.48	40.540898796176	59.305208134557	0.15389306926668
3.872	40.244195385705	59.603763050701	0.15204156359371
4	40.145596406089	59.702976156553	0.15142743735847
4.2	39.596169791059	60.256679149225	0.14715105971656
4.48	39.506658519567	60.34629719032	0.14704429011351
4.872	39.278529385592	60.575623650808	0.14584696360058
5	39.200920685169	60.653646553191	0.14543276164033
5.2	38.703977668057	61.153582968535	0.14243936340771
5.48	38.642669889568	61.214945278742	0.14238483168992
5.872	38.462580576394	61.39589817543	0.14152124817636
6	38.400319079183	61.458461583419	0.14121933739875
6.2	37.964316456793	61.896811710812	0.13887183239512
6.48	37.921112612065	61.940045826525	0.1388415614098
6.872	37.775465918641	62.086357504067	0.13817657729199
7	37.724526436814	62.137531065249	0.13794249793779
7.2	37.338586072317	62.525421720364	0.1359922073184
7.48	37.30886698742	62.555148926127	0.13598408645313
7.872	37.190193730009	62.674353789281	0.13545248070994
8	37.148300566475	62.716435304314	0.13526412921056
8.2	36.801903557499	63.064521927942	0.13357451455879
8.48	36.784303959817	63.082105697718	0.13359034246451
8.872	36.689181234849	63.177660155381	0.13315860977041
9	36.655198907119	63.211796714347	0.13300437853424
9.2	36.339398200194	63.529112791722	0.13148900808402
9.48	36.333919488225	63.534548701038	0.13153181073716
9.872	36.260018929427	63.608802489306	0.13117858126627
10	36.233001414063	63.635947924983	0.13105066095415
10.2	35.939736834916	63.930614820312	0.12964834477185
10.48	35.945403582663	63.924880129816	0.12971628752165
10.872	35.888552038443	63.982029040366	0.12941892119094
11	35.866908203123	64.003782560887	0.12930923598994
11.2	35.588982831781	64.283043726216	0.12797344200353
11.48	35.602833927136	64.269108724111	0.12805734875349
11.872	35.557384180173	64.314822673857	0.12779314597004
12	35.53923359414	64.333072076013	0.12769432984662
12.2	35.271642859836	64.601963191743	0.12639394842015
12.48	35.290501703187	64.583014376964	0.12648391984933
12.872	35.252186663872	64.621574832683	0.12623850344515
13	35.236245533687	64.637608283184	0.12614618312909
13.2	34.976602930799	64.898530748671	0.12486632052997
13.48	34.998573165931	64.876470123941	0.12495671012837
13.872	34.965320849057	64.909955343941	0.12472380700241
14	34.951009386682	64.924354531802	0.12463608151589
14.2	34.698468429689	65.178158754448	0.12337281586313
14.48	34.722774595199	65.153762732156	0.12346267264478
14.872	34.693848462323	65.182910504492	0.1232410331848
15	34.680973013182	65.195869570656	0.12315741616212
15.2	34.435180939315	65.442907044	0.12191201668576
15.48	34.461612771492	65.416383434694	0.12200379381463
15.872	34.436807898721	65.441397028828	0.12179507245015
16	34.42531309609	65.452971035769	0.12171586814125
16.2	34.185927882902	65.693581660145	0.12049045695261
16.48	34.214478054157	65.664934669878	0.12058727596542
16.872	34.193710208381	65.685896278802	0.1203935128164
17	34.183560945515	65.696119873932	0.12031918055316
17.2	33.950143900721	65.930742076433	0.11911402284601
17.48	33.980832265382	65.899950518447	0.11921721617146
17.872	33.96398770461	65.916973456215	0.1190388391754
18	33.955132457777	65.92589805339	0.1189694888327
18.2	33.727197524113	66.155020166749	0.11778230913786
18.48	33.760011295102	66.122097754065	0.11789095083269
18.872	33.746932389208	66.135341021032	0.11772658976064
19	33.739306849691	66.143031245784	0.11766190452507
19.2	33.516394365344	66.367116913792	0.11648872086365
19.48	33.551293612335	66.332105739124	0.11660064854099
19.872	33.541819244729	66.341732644531	0.11644811073957
20	33.53536315342	66.348249282535	0.11638756404411
20.2	33.317082442255	66.567693705386	0.11522385235922
20.48	33.354032880314	66.53063026332	0.11533685636541
20.872	33.348045938205	66.536759914045	0.11519414774963
21	33.342718199993	66.542144545374	0.11513725463298
21.2	33.128750970844	66.757270135654	0.11397889350241
21.48	33.167753898096	66.718154503069	0.11409159883453
21.872	33.165203158434	66.720839181619	0.11395765994697
22	33.160985650683	66.725110183147	0.11390416617012
22.2	32.95105757748	66.936194124455	0.11274829806504
22.48	32.992147648913	66.894991540565	0.11286081052217
22.872	32.993011785921	66.894252241082	0.11273597299778
23	32.989892781316	66.897421259508	0.11268595917575
23.2	32.783725511915	67.104742665407	0.11153182267765
23.48	32.826913597426	67.061440442187	0.11164596038736
23.872	32.831095530748	67.057372596687	0.11153187256487
24	32.828963291546	67.059543573745	0.11149313470913
24.2	32.627427361354	67.262196905176	0.11037573346997
24.48	32.671093776404	67.218419117194	0.11048710640253
24.872	32.675524798739	67.214139542679	0.11033565858217
25	32.673489505896	67.216234160613	0.11027633349045
25.2	32.475616853451	67.415360161563	0.10902298498576
25.48	32.520469896758	67.370400687656	0.10912941558621
25.872	32.526933671865	67.364036939011	0.10902938912349
26	32.525286146402	67.365725784	0.10898806959752
26.2	32.324805805218	67.567363692157	0.10783050262529
26.48	32.370607301359	67.521427482868	0.10796521577283
26.872	32.37807812751	67.51404389162	0.10787798086952
27	32.376873018776	67.515287879677	0.10783910154664
27.2	32.18063439366	67.712657268537	0.10670833780367
27.48	32.226271780212	67.666887195915	0.10684102387346
27.872	32.234347146047	67.658898418871	0.10675443508168
28	32.233375523738	67.659908691619	0.10671578464282
28.2	32.041082451999	67.853312107416	0.10560544058532
28.48	32.08637219908	67.807891404911	0.10573639600931
28.872	32.094800318317	67.799548282207	0.10565139947678
29	32.093973792566	67.800412882667	0.10561332476669
29.2	31.905164007673	67.990312981112	0.10452301121525
29.48	31.950049220219	67.94529816765	0.10465261213054
29.872	31.958716616275	67.936713367176	0.10457001654904
30	31.95800198828	67.93746518787	0.10453282384956
30.2	31.77248040799	68.124056526457	0.103463065553
30.48	31.816931597036	68.0794771232	0.1035912797633
30.872	31.825793134042	68.070695394697	0.1035114712617
31	31.825180377408	68.071344291431	0.10347533116052
31.2	31.642873401561	68.254699942579	0.10242665586043
31.48	31.686878529597	68.210568099163	0.1025533712392
31.872	31.695921292321	68.201602177853	0.10247652982603
32	31.695409734862	68.202148733236	0.10244153190136
32.2	31.516276140958	68.382309629543	0.10141422949879
32.48	31.559835065091	68.338625563888	0.10153937102108
32.872	31.569058356917	68.329476070275	0.10146557280839
33	31.568649841393	68.329918400151	0.10143175845665
33.2	31.392645051495	68.506929106264	0.10042584224144
33.48	31.43576406138	68.463686555397	0.10054938322293
33.872	31.445169090342	68.454352269638	0.10047864002054
34	31.444864869127	68.454689111401	0.10044601947211
34.2	31.271931077939	68.628607652958	0.099461269103617
34.48	31.31461896002	68.58579782511	0.099583214869594
34.872	31.324204490747	68.5762800176	0.099515491652576
35	31.324004182829	68.576511763441	0.099484053730749
35.2	31.154070952422	68.747408969305	0.098520078273404
35.48	31.19633678543	68.705022765227	0.098640449342217
35.872	31.206098069486	68.69532625473	0.098575675784553
36	31.205999631262	68.695454974208	0.098545394530296
36.2	31.038987670036	68.86341063874	0.097601691224772
36.48	31.080839878207	68.821439608641	0.097720513151791
36.872	31.090769079022	68.811572326982	0.097658593995364
37	31.090769167075	68.811601399205	0.097629433719923
37.2	30.926594268754	68.976700296614	0.096705434632075
37.48	30.968040383342	68.935136883113	0.096822733545107
37.872	30.978127472855	68.925108969273	0.096763557872274
38	30.978221877521	68.925042645429	0.096735477050574
38.2	30.816798030209	69.087371387025	0.095830582766528
38.48	30.85784476461	69.046208851392	0.09594638399872
38.872	30.868078404281	69.036031763036	0.095889832683474
39	30.868262420316	69.035874792867	0.095862786816963
39.2	30.70950396045	69.19551965038	0.094976389170572
39.48	30.750157379013	69.15475190387	0.095090717116844
39.872	30.760525613095	69.144437718691	0.095036668213376
40	30.760794313291	69.144195074899	0.095010611810159
40.2	30.604617295978	69.301240595669	0.09414210835328
40.48	30.644882979369	69.260862034005	0.094254986626703
40.872	30.65537372167	69.250422959391	0.094203318938345
41	30.655722142312	69.250099650885	0.094178206802955
41.2	30.502045150618	69.404627839879	0.093327009502824
41.48	30.541928327754	69.364633211176	0.093438461070785
41.872	30.552529680041	69.354081263614	0.093389056344392
42	30.552952939651	69.353682215978	0.093364844371054
42.2	30.401697520096	69.505772095428	0.092530384476506
42.48	30.441203165339	69.466156402933	0.09264043172798
42.872	30.451903615209	69.455503208879	0.092593175912475
43	30.452396987183	69.455033191273	0.092569821544143
43.2	30.303487846232	69.60476060176	0.091751552008085
43.48	30.342620749418	69.565519033796	0.091860216785823
43.872	30.353409287142	69.554775712161	0.091815000696285
44	30.353968241944	69.554239294886	0.09179246316921
44.2	30.207333293669	69.701676846769	0.090989859562241
44.48	30.246098110547	69.66280472626	0.091097163193156
44.872	30.256964292823	69.651981824364	0.09105388281252
45	30.257584520381	69.651383356352	0.09103212326727
45.2	30.113154843507	69.796600472706	0.090244683787565
45.48	30.151556132163	69.758093220712	0.090350647125131
45.872	30.162490111101	69.747200685211	0.090309203687718
46	30.163167530346	69.746544284456	0.090288185198145
46.2	30.020877271886	69.889607297956	0.089515430158327
46.48	30.05891951882	69.851460407544	0.089620073635235
46.872	30.069912047984	69.840507578439	0.089580373577541
47	30.070642807998	69.839797130872	0.089560061129444
47.2	29.930429057253	69.980769410592	0.088801532155565
47.48	29.968116695543	69.942978428619	0.088904875838702
47.872	29.979159120855	69.931974048478	0.088866830667791
48	29.979868943487	69.93127775635	0.088853300162791
48.2	29.842996113912	70.068864407098	0.088139478989701
48.48	29.879761223582	70.031999116421	0.088239659996644
48.872	29.890117944382	70.021710352488	0.08817170312943
49	29.890724635846	70.021133529158	0.088141834996523
49.2	29.758019567167	70.154644631236	0.087335801596407
49.48	29.793687003518	70.118890442864	0.087422553617318
49.872	29.802728502726	70.109890854021	0.087380643253646
50	29.802743474011	70.10989614409	0.087360381899216
50.2	29.66659356526	70.246776697536	0.086629737204629
50.48	29.701633965493	70.2116340647	0.086731969806275
50.872	29.710094355855	70.203213639625	0.086692004520567
51	29.71007955122	70.203249031428	0.086671417351969
51.2	29.576732758284	70.337305494345	0.085961747371154
51.48	29.610925614661	70.303016552876	0.086057832462582
51.872	29.619100124041	70.294886885945	0.086012990014217
52	29.619065413065	70.294943480669	0.085991106266129
52.2	29.488453130614	70.426250545554	0.085296323831737
52.48	29.521944483295	70.392667654088	0.085387862616312
52.872	29.529924506309	70.384735136531	0.085340357159781
53	29.529878653115	70.38480350699	0.085317839895221
53.2	29.401569474913	70.513794329589	0.08463619549827
53.48	29.434513859576	70.480761458891	0.084724681533628
53.872	29.442388266247	70.472935473885	0.08467625986795
54	29.442350267941	70.472996103536	0.084653628523117
54.2	29.316081827254	70.59993383406	0.083984338686755
54.48	29.348589196584	70.567340156583	0.084070646833365
54.872	29.35642956979	70.559548041488	0.08402238872231
55	29.35641707339	70.559582956901	0.083999969709414
55.2	29.232038086644	70.684619333971	0.083342579384596
55.48	29.264182444042	70.652390344194	0.08342721176362
55.872	29.272041018368	70.644579219148	0.08337976248438
56	29.272067636592	70.64457461078	0.083357752628674
56.2	29.149482977483	70.767805092011	0.082711930506274
56.48	29.181314394609	70.735890414634	0.082795190756551
56.872	29.189227261497	70.728023806083	0.082748932419679
57	29.189302550135	70.727970002457	0.082727447408292
57.2	29.068444050343	70.849463050237	0.082092899420495
57.48	29.099996948157	70.817828069245	0.082174982598536
57.872	29.107987714143	70.809882149878	0.082130135978821
58	29.108117792321	70.809772967048	0.082109240631102
58.2	28.988929906226	70.929584415484	0.081485678290193
58.48	29.02022827186	70.898205011172	0.081566716967441
58.872	29.028311153364	70.890165445122	0.081523401514055
59	29.028499420983	70.889997450658	0.081503128359615
59.2	28.910932532976	71.008177206427	0.080890260596968
59.48	28.941993208566	70.97703644242	0.080970349013181
59.872	28.950175478366	70.968895902466	0.080928619168062
60	28.950423271351	70.968667748623	0.080908980025656
