# Time [h]	Carbondioxide [vol%]	Methane [vol%]	Hydrogen [vol%]
0.2	23.309491792797	76.538532143262	0.15197606394045
0.48	37.866581006266	61.97367324934	0.15974574439426
0.872	41.378443641074	58.460814594827	0.16074176409862
1	41.429182274444	58.409340525386	0.16147720016928
1.2	43.633310956977	56.221154394353	0.14553464867016
1.48	42.946263621362	56.902160563798	0.15157581484034
1.872	42.222748511184	57.626357821924	0.15089366689203
2	42.028693635038	57.82088367091	0.15042269405233
2.2	42.586656198158	57.272697217159	0.14064658468351
2.48	42.205214519501	57.652052958132	0.14273252236722
2.872	41.767834665728	58.090334814194	0.14183052007763
3	41.639304766954	58.219227407434	0.14146782561177
3.2	41.626250421238	58.23859092388	0.13515865488248
3.48	41.442188173731	58.421831819335	0.13598000693388
3.872	41.162027754558	58.702800761959	0.13517148348346
4	41.071156481422	58.793964783554	0.13487873502417
4.2	40.708118008453	59.161342666846	0.13053932470155
4.48	40.617724051707	59.251513854067	0.13076209422634
4.872	40.402817774877	59.467159128571	0.13002309655137
5	40.32880325421	59.541439879623	0.12975686616681
5.2	39.8740880471	59.999068913606	0.12684303929389
5.48	39.815255390161	60.057768480313	0.1269761295261
5.872	39.637077361897	60.236550491571	0.12637214653203
6	39.57491995917	60.298926801239	0.1261532395906
6.2	39.149281388693	60.726711889347	0.12400672196007
6.48	39.10489447594	60.771013758269	0.12409176579071
6.872	38.955932445551	60.920475197936	0.12359235651277
7	38.903698987567	60.972888908627	0.1234121038062
7.2	38.522288063565	61.356043251367	0.12166868506813
7.48	38.489481896528	61.388784624091	0.12173347938077
7.872	38.366127521106	61.512552565445	0.12131991344959
8	38.322655733068	61.556173585499	0.12117068143244
8.2	37.979636609973	61.900683194658	0.11968019536933
8.48	37.958818548811	61.921432014917	0.1197494362719
8.872	37.859777575754	62.020808064647	0.11941435959905
9	37.824541243785	62.05616637046	0.1192923857547
9.2	37.512151124046	62.369877385758	0.11797149019539
9.48	37.504381137698	62.377559297255	0.11805956504626
9.872	37.42821054328	62.453995414985	0.11779404173515
10	37.400465604567	62.481839317356	0.11769507807617
10.2	37.11101328172	62.772500304804	0.11648641347674
10.48	37.115262850083	62.768144452396	0.11659269752114
10.872	37.057160588946	62.826464348682	0.11637506237152
11	37.035060980404	62.848647625317	0.1162913942781
11.2	36.761510423808	63.123333495333	0.11515608085812
11.48	36.773852002731	63.110876977889	0.11527101937981
11.872	36.727009987008	63.157911079811	0.11507893318115
12	36.708347190341	63.17664907571	0.11500373394855
12.2	36.446082584996	63.439996413996	0.11392100100817
12.48	36.462634007027	63.423327686307	0.11403830666573
12.872	36.422227860405	63.463911821139	0.11386031845552
13	36.405583934993	63.480625913919	0.11379015108858
13.2	36.152466148445	63.734789555396	0.11274429615915
13.48	36.171150574001	63.715989321283	0.11286010471588
13.872	36.134917295291	63.752391646559	0.11269105815028
14	36.119649940902	63.767725778841	0.11262428025787
14.2	35.874624357286	64.013771029494	0.11160461321915
14.48	35.894625257843	63.993657423039	0.11171731911804
14.872	35.861641637981	64.026803179244	0.1115551827743
15	35.847482444545	64.041026478485	0.11149107696957
15.2	35.609844091894	64.279662676225	0.110493231881
15.48	35.630861225451	64.258536065464	0.11060270908512
15.872	35.60072132822	64.288832090434	0.11044658134597
16	35.587546591478	64.302068608893	0.11038479962861
16.2	35.356763621191	64.53383014209	0.1094062367191
16.48	35.37869649977	64.511791145837	0.10951235439272
16.872	35.351215393517	64.539423115514	0.10936149096848
17	35.33896622559	64.551731989647	0.1093017847635
17.2	35.114600538184	64.77705980435	0.10833965746612
17.48	35.137459865615	64.754098069246	0.10844206513907
17.872	35.112590145656	64.779114044591	0.10829580975242
18	35.10124966118	64.79051235234	0.1082379864792
18.2	34.882910302689	65.009800471986	0.10728922532568
18.48	34.906792081443	64.985820218002	0.10738770055521
18.872	34.884592570456	65.008161761324	0.1072456682197
19	34.874176503227	65.018633877533	0.10718961924017
19.2	34.66149789195	65.232250799527	0.10625130852295
19.48	34.686565787199	65.20708822755	0.106345985251
19.872	34.66717466217	65.226617157259	0.10620818057092
20	34.657722420458	65.236123673757	0.10615390578493
20.2	34.45035149983	65.444425118558	0.10522338161183
20.48	34.47681660039	65.417868659006	0.10531474060402
20.872	34.460421709209	65.434396741516	0.10518154927518
21	34.451986519466	65.442884322538	0.10512915799658
21.2	34.249573419305	65.646222604749	0.10420397594634
21.48	34.277671243844	65.61803601223	0.10429274392658
21.872	34.264478528792	65.631356607821	0.10416486338779
22	34.257117200853	65.638768239608	0.10411455953883
22.2	34.059308808082	65.837498610559	0.1031925813592
22.48	34.089272463727	65.807447842333	0.10327969393927
22.872	34.079469288225	65.817372634533	0.10315807724206
23	34.073230360059	65.823659498906	0.10311014103465
23.2	33.879665303707	66.018144860206	0.1021898360871
23.48	33.911690352092	65.986033160274	0.10227648763479
23.872	33.905397095551	65.992440609632	0.10216229481691
24	33.900252723522	65.997624314297	0.10212296218128
24.2	33.711451747346	66.187321274635	0.10122697801934
24.48	33.74437204649	66.154319371577	0.10130858193342
24.872	33.739272991591	66.159556305885	0.10117070252421
25	33.734562340002	66.164319972486	0.10111768751141
25.2	33.549746800493	66.350120106146	0.10013309336107
25.48	33.584640635948	66.315140758537	0.10021860551463
25.872	33.582775669221	66.317106896852	0.10011743392708
26	33.578882688388	66.321040806649	0.10007650496288
26.2	33.392969939699	66.507867718468	0.099162341833044
26.48	33.429486835822	66.471248077994	0.099265086183954
26.872	33.42960773486	66.471221049634	0.099171215505875
27	33.426442073785	66.474426033665	0.099131892550187
27.2	33.24433018296	66.657455736934	0.09821408010641
27.48	33.28165142558	66.620036651453	0.098311922966834
27.872	33.283437659773	66.618341041733	0.09822129849495
28	33.280820266074	66.6209964348	0.098183299125274
28.2	33.102088111215	66.800629050593	0.097282838192258
28.48	33.139956063444	66.762661583992	0.097382352564072
28.872	33.143055941121	66.759648138806	0.09729592007252
29	33.140870691963	66.761870016615	0.097259291422128
29.2	32.965255969437	66.938367777738	0.096376252824837
29.48	33.003454026933	66.900068439137	0.096477533930226
29.872	33.00755011032	66.89605476878	0.096395120900123
30	33.005696794324	66.897943407486	0.096359798190047
